179.3 71.3
138.7 37.8
180.3 84.0
179.6 81.3
145.9 51.4
157.2 59.9
150.0 49.0
177.3 80.8
175.0 74.2
138.2 38.1
122.1 34.9
177.7 76.7
139.2 49.9
127.2 41.5
127.7 42.2
153.9 56.6
143.2 44.6
147.9 57.6
140.3 42.8
142.1 49.4
163.9 71.0
123.1 29.8
179.4 73.8
160.8 66.4
172.5 78.5
162.3 67.7
130.1 39.9
156.6 53.9
127.2 33.1
140.6 49.5
131.5 44.4
149.4 50.8
174.6 68.4
125.6 31.3
152.3 50.4
153.4 59.4
179.2 74.0
122.4 39.4
164.4 55.0
145.3 48.8
169.7 69.0
148.6 58.5
139.8 46.2
121.3 31.8
176.4 65.0
134.2 33.9
168.6 58.0
134.9 43.7
143.6 42.6
150.4 58.6
140.5 46.2
164.4 55.6
167.7 58.8
170.7 65.3
132.7 44.4
126.2 36.9
151.1 43.6
129.6 36.1
167.5 54.0
145.4 51.0
125.0 31.0
144.1 53.1
150.7 53.2
129.1 36.7
151.9 45.7
177.7 68.6
170.7 58.8
139.6 45.5
131.6 33.2
162.9 56.4
153.8 58.9
154.2 43.6
151.3 55.2
148.0 44.7
171.8 75.4
155.0 62.6
160.6 58.6
142.8 50.0
165.6 51.2
133.1 35.8
138.9 37.1
137.4 45.8
145.1 48.7
140.3 38.2
164.4 63.0
153.4 60.1
179.7 60.6
175.3 68.3
143.7 54.3
166.9 55.5
144.2 54.2
164.7 49.8
148.5 52.8
168.4 55.9
166.8 74.4
123.9 28.4
164.5 56.2
142.8 49.5
175.3 73.8
173.8 59.9
138.6 34.5
125.3 31.9
162.3 60.4
141.6 37.1
151.4 55.3
173.8 67.0
157.9 49.0
152.7 55.5
173.4 78.1
148.0 51.7
150.0 50.3
138.2 37.8
145.4 50.1
151.5 59.5
176.4 82.8
127.9 41.0
155.2 59.7
160.7 65.7
176.5 56.0
175.8 55.9
163.2 56.7
150.9 59.1
155.6 56.6
155.0 43.9
152.1 41.8
161.5 46.8
127.1 36.9
168.8 64.0
133.0 45.8
145.4 51.2
173.2 56.7
151.8 41.9
149.2 55.0
173.4 64.5
167.2 59.4
121.0 27.0
166.2 61.8
178.9 83.5
127.8 31.0
178.3 63.2
129.1 33.1
134.3 45.5
167.0 65.0
140.9 52.7
150.9 47.4
136.9 49.5
122.3 37.2
180.0 72.2
153.6 51.6
149.4 57.9
170.0 64.0
178.6 73.3
154.6 53.7
125.5 31.9
158.9 45.9
149.7 47.2
135.8 37.8
166.9 50.3
174.6 73.2
155.2 64.1
121.6 37.5
152.3 54.4
133.1 33.2
162.9 55.4
153.1 45.6
134.9 38.3
135.0 45.3
151.5 48.9
173.7 69.7
159.4 47.7
133.0 42.8
123.2 33.3
180.6 81.7
124.0 34.0
150.2 52.9
148.2 41.0
123.5 40.6
163.2 67.4
125.0 33.6
130.8 33.5
130.8 45.6
153.4 62.8
141.9 47.5
142.9 40.7
134.2 41.8
140.4 35.5
138.9 50.8
148.3 45.2
166.0 51.6
167.0 55.9
138.9 48.4
140.3 41.3
143.1 47.8
131.4 31.3
157.1 64.5
133.6 44.1
175.4 64.4
141.2 50.7
179.4 77.8
125.2 39.0
173.8 80.5
168.2 55.2
176.8 79.1
124.6 37.2
176.3 67.1
151.3 45.5
134.3 39.0
130.0 39.2
157.7 64.7
157.8 49.4
171.0 63.1
179.8 67.4
165.9 57.1
131.3 42.0
157.3 62.6
126.3 35.5
169.6 73.9
136.2 38.6
138.5 39.7
156.7 48.7
164.6 51.0
122.4 34.0
127.0 31.4
163.8 65.1
126.0 41.3
176.6 69.9
140.4 44.0
170.9 54.2
144.9 37.7
143.8 37.2
171.0 64.6
125.7 31.6
176.9 81.6
154.5 47.5
134.9 35.1
122.5 34.2
171.4 53.9
125.9 41.7
169.5 61.2
135.3 47.3
138.7 37.3
144.8 49.1
135.9 46.5
137.7 44.9
170.2 68.9
135.3 36.7
163.9 55.7
149.2 44.5
135.1 42.7
123.6 28.1
167.1 51.8
157.0 48.5
163.3 54.2
129.1 37.5
160.0 54.4
180.6 85.9
128.7 35.4
130.0 36.0
133.4 38.7
122.4 35.0
161.5 52.9
172.2 78.9
131.0 44.6
133.6 47.7
152.6 47.0
158.8 65.0
175.6 77.7
125.7 37.0
126.1 39.8
164.1 56.0
166.7 67.4
172.2 65.7
162.4 61.1
172.2 65.9
122.2 32.9
162.0 53.6
139.9 37.2
136.5 34.5
123.0 27.9
159.7 49.0
174.8 62.3
158.0 62.7
126.6 38.6
121.6 36.6
125.9 38.7
161.5 56.8
122.7 34.1
175.5 63.6
128.3 40.7
168.3 69.1
169.9 63.8
121.7 28.3
156.7 62.7
168.1 56.1
151.0 49.6
142.8 43.7
163.5 71.2
168.4 60.6
136.7 46.8
130.3 44.5
128.0 41.5
142.7 49.7
177.9 64.4
123.2 36.1
158.3 54.1
144.1 45.3
149.2 59.4
130.2 40.2
146.7 48.6
173.1 78.4
178.4 80.2
175.7 62.2
144.1 50.2
134.7 36.3
126.4 34.1
130.8 33.8
169.1 64.6
152.6 48.7
144.1 47.7
180.6 58.7
154.8 63.5
122.8 27.5
178.0 78.5
162.2 69.7
138.7 36.9
174.6 77.4
178.6 80.0
161.7 68.5
126.7 41.7
130.9 33.5
173.7 78.7
144.6 42.4
122.8 33.8
157.3 53.5
125.4 30.8
121.5 29.4
130.1 39.7
136.5 44.8
179.9 85.2
160.3 65.8
161.5 49.9
163.2 62.8
152.7 49.7
130.3 39.8
173.6 62.6
169.6 70.9
135.3 45.7
122.4 38.2
138.9 45.4
137.2 49.8
169.8 73.9
132.0 39.8
150.4 41.1
135.6 33.9
154.7 53.2
176.3 62.3
158.3 49.7
173.5 58.0
132.0 31.7
142.7 37.6
177.3 77.5
170.0 71.4
154.0 60.2
158.1 54.5
124.3 34.2
179.9 71.1
141.4 49.2
121.5 31.9
167.8 71.5
149.5 46.9
140.5 42.4
155.9 55.1
157.7 45.5
137.3 47.1
160.6 60.8
147.5 50.6
144.6 42.3
178.0 71.7
162.1 60.4
154.2 49.5
158.9 57.3
168.0 75.0
138.2 40.7
144.4 38.6
169.3 62.9
180.8 79.4
147.3 50.0
136.0 34.0
158.3 56.6
146.9 55.4
165.7 70.5
149.2 54.3
164.2 48.5
136.4 40.0
130.8 43.0
165.0 68.1
176.9 59.0
167.2 70.1
125.1 38.4
173.3 77.2
168.2 72.6
156.4 48.7
123.1 32.9
137.5 38.0
178.1 65.1
127.9 39.5
131.1 33.4
146.3 55.3
131.7 35.2
173.8 63.4
160.7 50.9
129.4 32.7
174.4 68.0
180.1 85.8
170.8 74.6
146.2 50.1
139.9 45.5
171.6 61.9
122.6 36.4
131.9 39.9
121.0 30.1
171.9 72.8
149.1 56.8
134.8 43.0
163.6 50.6
155.7 51.5
139.7 47.4
154.2 46.9
169.1 54.4
166.0 64.9
180.0 79.9
136.0 47.7
142.3 38.0
170.4 77.0
169.1 51.4
153.0 50.0
139.2 51.4
129.7 35.5
170.6 61.9
121.4 33.4
150.2 52.2
150.7 48.5
174.4 71.7
131.6 41.7
166.7 62.5
140.5 41.2
137.2 36.4
169.3 67.3
136.4 43.7
131.9 41.2
134.2 37.1
123.1 28.6
137.3 46.6
149.2 53.5
129.5 37.2
169.5 57.0
160.0 52.8
132.4 33.4
152.6 49.3
170.2 74.5
173.8 73.8
133.5 34.3
174.6 70.9
142.8 49.9
134.7 41.3
179.2 58.6
172.0 68.6
129.8 40.8
142.5 47.5
144.7 39.2
161.8 51.7
139.3 50.6
126.7 35.8
123.7 30.3
147.9 48.0
126.1 41.4
132.0 44.9
124.9 37.2
149.8 40.6
180.3 66.8
130.0 44.7
140.9 45.9
154.1 52.7
138.7 43.0
126.7 32.7
156.2 51.6
125.1 40.5
137.8 36.8
179.4 67.0
178.6 57.4
167.6 51.5
176.4 70.9
151.8 61.6
168.8 76.3
156.5 61.0
138.4 47.0
141.0 39.3
140.7 43.8
162.2 52.1
179.2 68.1
150.3 51.7
164.9 62.2
123.1 35.2
139.5 45.2
176.4 63.2
157.2 50.6
175.1 69.3
146.2 46.2
127.2 40.6
180.9 78.9
156.4 50.1
122.5 33.7
126.1 41.8
180.0 80.3
130.1 44.7
164.7 54.1
126.9 29.5
168.1 54.0
159.7 47.8
140.0 45.0
178.0 82.7
147.5 55.5
147.9 56.0
137.1 36.0
136.1 47.3
171.0 74.3
164.8 59.4
177.4 79.2
144.2 54.3
131.4 32.9
148.9 57.5
142.2 46.4
177.9 77.2
138.0 44.2
145.4 49.2
165.9 58.1
127.5 31.9
133.6 34.3
159.3 47.0
137.9 49.2
176.2 75.0
140.3 46.7
129.9 43.0
124.1 29.3
167.4 55.8
135.8 46.6
128.7 32.5
144.3 49.6
175.9 62.6
136.5 38.7
147.8 50.7
137.0 42.9
143.3 45.5
138.1 44.3
128.7 38.0
125.5 37.1
137.1 50.1
173.3 65.0
171.0 76.4
128.5 38.5
165.2 58.0
146.9 55.3
129.9 36.3
127.9 30.2
136.1 49.0
179.3 77.6
154.3 47.7
171.4 76.9
139.1 36.8
127.6 29.5
137.7 37.1
160.2 58.5
131.2 32.6
154.1 42.6
158.4 60.1
132.8 37.3
159.3 59.7
169.7 71.8
158.3 65.6
147.2 55.7
174.3 81.3
130.6 31.0
135.1 42.3
153.6 44.9
139.0 45.9
129.5 38.7
171.5 62.7
163.9 62.4
150.8 46.2
157.2 59.8
152.9 58.5
125.1 30.4
122.0 32.9
153.6 55.7
179.9 74.3
151.8 59.2
154.8 48.5
150.3 48.2
172.0 53.9
151.5 44.2
162.3 62.5
164.8 51.5
123.1 33.2
163.9 51.0
139.0 50.2
170.5 73.6
163.4 59.3
156.4 50.6
177.9 77.0
177.9 71.3
138.3 35.1
144.3 45.4
139.7 43.1
170.4 71.4
150.9 59.4
174.9 75.9
155.2 47.8
149.6 43.9
135.9 36.3
139.6 37.3
162.1 64.0
154.3 63.4
133.2 34.1
138.3 46.8
172.9 59.9
136.4 45.6
173.4 60.1
166.9 69.0
162.8 61.4
152.2 57.6
151.5 41.3
154.3 56.8
134.4 32.9
172.5 54.9
169.7 70.9
167.9 52.6
149.7 46.9
124.7 31.6
149.9 47.3
121.5 38.7
131.4 44.0
136.7 34.3
161.3 47.3
170.2 61.4
133.2 37.2
165.3 56.2
177.1 80.8
178.8 78.5
151.0 49.1
169.2 59.3
130.9 39.6
179.9 76.5
176.3 56.9
175.8 82.6
144.6 47.0
151.7 44.4
142.7 50.5
133.1 32.3
169.0 66.7
180.4 75.4
153.3 57.3
174.3 67.2
132.7 44.9
134.1 43.3
171.9 68.9
156.6 44.3
167.9 64.9
160.5 62.3
158.1 48.3
137.9 44.2
161.1 64.8
166.2 64.7
155.0 54.6
135.3 48.3
130.1 42.6
153.7 48.2
128.8 30.0
166.0 57.4
173.4 68.7
122.3 30.9
130.9 40.1
140.4 51.9
132.5 40.3
135.2 39.2
164.7 51.2
180.8 87.2
174.9 64.0
132.3 32.2
173.8 65.6
121.4 34.5
135.6 35.2
174.8 65.0
130.5 34.1
163.1 62.3
143.6 50.2
176.8 71.1
176.6 62.9
125.5 29.9
145.6 54.9
152.1 44.3
121.3 27.7
163.5 69.4
122.6 38.9
178.4 82.7
140.6 45.1
127.7 31.5
162.3 61.2
152.9 50.9
146.0 53.7
124.2 38.5
128.9 44.3
176.3 57.3
170.5 77.9
131.7 34.7
174.7 62.4
178.6 82.7
179.4 76.8
169.3 51.4
130.2 35.6
150.6 42.0
174.9 71.3
134.5 35.2
168.3 59.4
157.4 48.9
166.1 55.5
156.1 62.8
134.9 40.8
177.5 74.5
151.2 55.4
148.9 59.2
155.7 43.7
149.4 51.0
137.1 48.1
154.1 51.5
133.8 32.8
150.4 54.6
135.3 37.7
173.3 70.2
159.7 47.2
145.3 45.3
139.8 52.2
173.0 57.2
150.8 57.1
142.8 47.2
127.3 41.0
130.5 40.9
171.5 69.2
135.2 34.6
150.8 48.3
128.2 33.8
146.3 50.0
180.7 65.7
175.7 67.8
172.6 57.2
152.2 47.0
128.7 42.0
136.3 49.7
154.2 49.8
144.5 54.5
151.7 51.4
165.9 55.6
167.1 54.4
174.4 54.7
173.5 80.0
143.8 55.4
137.3 40.3
132.5 35.6
159.1 60.9
139.5 43.4
171.0 73.9
141.8 45.8
135.9 36.2
128.9 35.5
152.6 52.6
139.5 45.7
157.5 58.7
174.0 64.4
170.2 61.2
143.9 42.3
176.2 65.3
137.6 37.2
140.5 36.4
123.8 40.6
165.7 57.9
123.6 29.6
167.2 74.4
163.9 62.6
131.0 43.7
180.7 78.7
178.5 65.7
175.4 70.6
153.0 49.8
152.8 61.4
140.4 44.1
134.4 36.3
171.8 55.2
147.2 42.1
129.6 31.2
164.2 69.7
121.7 31.2
124.4 38.5
140.6 41.7
179.4 71.8
133.4 47.2
167.5 69.0
172.6 60.5
175.3 65.9
159.7 55.6
141.2 52.9
177.0 60.2
168.9 60.4
135.1 46.0
153.4 50.1
174.5 77.5
137.2 48.9
168.0 58.8
137.3 35.6
162.1 66.6
132.5 38.9
144.4 47.6
170.0 58.2
170.3 70.6
134.9 40.2
130.4 32.8
122.3 28.0
139.2 41.7
148.5 50.1
134.8 42.0
176.1 58.9
122.1 37.0
157.8 62.4
162.3 58.3
150.9 60.3
174.5 73.3
147.4 44.4
135.6 46.8
128.2 39.0
155.0 50.6
163.3 55.2
126.7 39.1
180.3 69.8
129.1 30.4
152.4 61.3
158.1 45.5
160.6 51.4
169.3 58.3
157.7 55.5
141.0 37.6
148.4 43.9
144.3 46.3
126.7 31.9
175.9 61.4
173.3 66.7
130.2 39.1
143.9 41.7
174.5 64.6
135.0 42.6
145.3 52.1
154.9 56.0
143.5 41.1
146.3 53.0
126.2 29.0
136.7 33.6
129.7 34.7
135.0 41.3
143.6 43.0
141.5 51.5
128.8 32.9
177.9 64.7
143.7 43.1
153.0 47.6
163.1 65.8
149.3 53.7
127.7 29.8
139.2 43.1
172.1 72.2
136.3 48.8
141.8 37.9
177.8 70.5
180.8 80.9
157.8 65.9
161.9 69.2
171.3 73.8
166.4 69.0
126.7 30.7
163.3 52.9
180.6 70.3
155.2 53.2
162.2 63.1
126.5 36.9
166.4 72.9
174.4 70.7
149.1 44.5
138.3 34.3
164.8 55.6
142.3 53.0
170.9 53.3
149.4 45.1
147.1 54.5
159.0 48.0
153.3 49.2
141.0 45.1
141.0 51.6
156.2 44.2
131.4 41.4
156.9 64.5
133.5 39.7
152.7 47.3
164.6 68.2
137.0 34.4
162.4 61.9
154.7 45.2
135.8 33.6
143.0 49.0
147.3 38.9
144.2 55.3
141.4 48.7
126.8 32.5
133.7 42.9
137.8 40.5
177.9 81.5
175.1 75.2
178.4 69.2
121.5 35.4
171.1 59.6
139.9 37.0
150.0 57.9
134.2 44.0
150.9 44.4
121.0 38.4
166.7 59.4
175.8 58.2
162.7 47.7
177.9 70.7
137.9 38.0
173.8 60.4
162.8 66.0
179.5 76.5
169.0 65.7
176.4 61.9
171.7 59.1
141.0 51.8
163.1 51.0
159.8 50.3
140.0 39.2
164.4 50.3
133.5 42.1
167.1 62.2
135.2 44.4
180.1 61.2
153.0 60.0
176.4 62.1
135.2 40.7
174.0 55.3
124.4 38.9
171.8 65.8
159.0 49.4
145.4 44.2
175.5 72.7
153.2 59.0
173.5 61.0
174.5 72.7
150.2 45.4
130.6 35.3
154.0 58.0
145.9 39.8
132.2 45.7
139.9 42.4
145.8 53.0
123.8 33.9
156.7 54.5
178.6 63.7
160.7 54.7
154.9 46.4
121.5 35.5
179.2 71.0
153.3 51.5
164.6 49.2
162.7 58.6
176.3 78.7
133.4 46.5
176.0 66.4
172.0 74.6
145.2 42.7
157.4 45.3
165.1 53.7
152.1 47.3
122.0 36.8
160.0 49.8
176.5 62.6
172.6 66.2
139.1 41.5
176.8 56.8
121.6 34.7
151.1 51.4
148.4 45.3
147.5 57.6
137.6 38.9
167.9 57.3
154.4 51.0

