231422233422224454324225333555222
44455544422222243323433443422224332
3312232223334443343332224444445533
443303343332222444322344343244344
44444444413244322243323444443433334
332344444410112
451523424334434313444334454545344
45555545533344434545444333334544545
4412223442224443443332225554444554
555543253222334545554534344425555
53334453435454543443234323334434545
441124131110021
441424444345455544244444444445444
44545444444433424444444333334444444
2222223334444443333342224444444444
432224443232111422444222231133333
54245443213133333333333122222322111
221222222210032
351411355145455554554225555535555
44555544454555515544554343215255544
1111433231124445554441115445555554
542243242212111423323313131215555
52224332113244343422132123434533223
232122213310041
241213244434344344443442443444233
43344434343444334444444334423334433
2224443333334443444442324444444334
222222222222222222444111111112224
32224434111143442422224133243321111
111114422210061
445423334444455344333452453534444
54455555535543424444444432244445442
2222442223333344344452224554445435
443334342322011311433321142324444
44221142414444242243124334444444224
322431233310081
551413335134455415333555545434422
45555544454543414444544111132345543
1112553333334455443341111355555534
431111111111111311444411111112125
11331132111142441411114111243422111
111111211210091
441535345244455224334443454444444
55555544444444434445444243344334343
2224443333333333334442333444444435
333344433222111222444433331111112
34222243111144443423234244433331111
111112322310101
155551154515245455524542354545223
52225555542255551444344555511225445
2225522224424444442222224424444444
444455555524112544555552451514445
55445443444435434544454445544544545
452554555510121
555534355355335124553533555555553
25555555511152315553211432312521541
5441111112224442111115553331323135
555555555514321511111531135255335
55551153415115533555131531221523335
334415555510131
441512255155555554544545454555345
55555555555555414445555111124445555
1114454551125554554451115555555555
221144221411111544524111111115554
54335553114155533321112222125544225
211112214110141
245342234224234434343244434443233
23444344544432432432434454454444342
4421133423445554444432220554345322
431234332521111544343211131113335
44433422111133221123322211114322122
321213333310162
221422233124334324344234343434232
34444455444322322344444344422314432
1112234332224443443342224444544323
221433232431122432322444452123135
44333443313244432233223221232322432
322333221110182
442532244224444455554225444444444
44444444442444434442444442334343442
2222234442224444444442324444444434
442244442424224425455424244434444
44434233333444444423314444441334444
222442432310192
141312451552555455555155143525552
11115534523344213551111215511335141
1111115555155555555551115555555111
555555555515111555555555555555555
51111551115155155153555555551511551
511154551110202
222322232433333243324322343412222
22344433322323323224334443423433222
2222344442223343434432223244443232
442322323432222434434444342243334
44433442234443343334334433444444341
243444332410211
441322224434445544444432455554454
44355555554445444334454544454544455
2223453322424443455442215544455544
242221254443221434455545552254433
44545554213445543445455355444544334
454454433410221
331313333133433344334443344433343
43354344344443323333333333123243332
2133322333333333334443332333443343
555333432243332333445121113113222
13122223212241441231214332444443343
314213214210231
441222334333334333344334333332343
33333333333333333333444333223333333
2223333333222221113333333334444333
443322211111222133333112211112221
44434432211123333323332222245332333
422213111210241
323421335543444413444543233555222
55544524422255534425342544452334233
2223344333234444434444224443444555
232243443422222322555433121114444
43322332423355555533245555553445555
222224312210261
442532345355455545445555454555322
55555554454455425535544545555555555
1115554452225445555551224445544555
211155453421512343445434441225555
55555544555554545554333224555544555
213222555410271
441432344344444444444344344444544
44444444433444434444444343333444444
1114443332334443544442324443444444
443434434422121422444422231223444
53223444222344444432234233333333224
231222222210281
551515245255555555555555555555555
55555555555555525555555433255555555
1115554335543444443222225555555555
552545553522111422455423241114445
22234455313344444423233332333332111
131122222210291
444333335234455543343445454555554
43345535443334523334433343223324432
1113343442224445553332114554545534
553543322122112433455322121134112
23111331312143343422223422231512332
111133334210302
444322444254454544344332243555432
45555555554433424444454434323534533
1112254442224444454441115555445555
553455553223111543555443251144444
53324555111155555544214534453335453
231344211110311
441313334333444144435542334333433
34445344444333444334444543313434432
1123334441114333343432223334443433
551555553434111555444322231112334
54212334222354441422234422242332331
121223151110331
551514344133334324424442333332534
32333334244443353424433444411114421
3342343444444344334444444444433423
555555553545244422424542221422222
24111122114443421142243544200422224
111411111110341
242312224224344225534153254445122
22345545553422423242334452323444444
2221122331114554443431115555554433
553422222311111455444432221114222
45545555111144444445244543443443223
121214241110351
331321234434433333243231333333333
33333333334444434334343333333333333
3333333333333333333333333333333333
333333333333333333333333333331111
11111111111111111111113333333311113
111113333310361
441513234133344334313232333333433
34444444454433423343333222233333433
2222443334443334343332334444434444
443432422221112423444422231223435
43233233415555444433444344343333443
222223232210371
231432243223444212232232454224433
34333444555543432234334321124325332
2223442222434555554432225555554434
453243242311224444244521111112244
44114442344454444411442223243424442
111121241110381
453421115324422414343422443222222
44444344444444333423444333323334444
2243353333335443344442224444444334
543243344433422322444432332114335
42322321111144444432325333233322223
331334333110391
221111152311144125324224131555122
23455524442325211135545121411115211
1112353431114242324341522444335222
555555243311111411555525421252225
42111311111153252215112555152321113
231553231110401
551512255125355345355351555535454
55555555555555514555555112125555551
1115552242555554335555515555555555
555245552552115511511111151111555
11111111111155555515115135115555555
111111111110411
333432123312333122332323122222333
12322323322211243212211222312222211
3332223324343333332222323332232311
343233343322555432444443442212224
23111211213231221233344233132213231
231313343110421
433325454442234355545323223555333
33445533344432233444434324422224434
3332244541114555553332422443443433
554522441552155543321555351345555
54334413435533322255553544553325555
341251222310441
343321235322444225443442344434244
25554544433445524344444343433234444
3333244433334433444442235545544343
443232232421111433554322111115444
44233432244455554442334232424442224
241412222210451
123321134435435555455323454324332
23334344443324422433343553423335533
3432332333233335553442224534443132
443433422143111312455534241113225
42221233124155555534235433453323222
313143442210462
351513135343444453344554455535555
34344555444554534445433343433433433
3434333433333443433434544534544444
334333333333333333333333333333333
33333333344433333333333433333333333
333433333310481
453543344524554424334222434545343
25555544434445443424454433323445344
2212244442424444334452334453445443
553243542422111444444423122134444
44335354123355554442334454444454443
321134425210501
322423432244444243444343443322332
44443434443424534323443432343233444
2232343232343223443234443234544342
324333444233434444332334434332344
43234344434322343434433244343433434
433243234410521
335552233333355443334112434443333
44433433454544343333333242333334443
2223343333223433334441224444344324
422244433422111311444332221111114
32211132111133232222233133221332224
321111512210531
332322234444444415554544354555113
35533345422433443424444535522333434
2221143334444444443441314443444444
555444442432111533455335251142133
44112331111142341243234522453223221
111151111110541
441433134323433334123131344224333
45533554543234514324444424233235444
2114443332234334444331223334443344
443333432432111322334224131212214
32121322212233444422224121224433333
211212322310551
441412334233444234323342344424455
44355434444443424434444222223334433
2224343223224443344442224444444434
332233422322222432344322222224222
32122111233244444433223223233433223
222321322310561
444552335523544343454144335433322
34445544443532343434444443343334443
2222334342224435553222224445554433
554544343442122444455543343242335
45334334113554454542445533453424224
311233433410571
231444233423435323324344123414233
35444453433332432334433313433333333
3323244442333233453442323344434433
541423432323111533544411131123223
33333323123351551523233322333332111
121132142210581
140151444012233355544553251555341
55555544533332342223344434412114311
1115554400324444444442224444444454
332255553312111311555535111114115
33111133113354444433333333333333111
231514351110591
351411135223555355555554555325555
55555555555555515555555111122335555
1115555551223555555551224444555555
333333322221111322333333322212113
35441555224442444444323111123333432
111213331210601
111351231522433344342121333444522
34244422255422252224544111144234232
1424231115551111112243322344443433
552443432522122211444333242223223
11111111111243322234444332443332222
211422222210611
454442244324422123434444443322443
54545544455544522443344223212434243
4433332332223343334553322334443344
554324432433122544444333332243334
52543444222244444452314322445443224
421422323210621
551531355455555445555125555545535
45555555554455534545455131215455555
1115554442225555554441115554445455
552222131521111523555321131112445
53132432233355543323225323555542223
111122222310631
333232333232333333233332433423333
33353523353333334334443342334433333
3342333443334442233343354433443534
334533343443433433433334433333333
43344333444334335354332333343334433
443353343410661
334343324343345333544444433323334
33344333333444433334444323333433344
2223343333445333233323144533323343
434445434233332333334323444333322
33223444443323344433344432334332334
334334444410671
442411344144444343454133444525142
45555555524552415515544451124555552
2114454411115555555551115555555554
555535554524111533122545151113333
53333333111133333344443333335543222
222411522310681
551311115515455155535252111535532
32225443232351515554451555451243531
1111111113115155552444553455554423
551111551511112555411311151151113
55115111541143333342524251423424234
134254231410691
223511124414555555354445355555553
33444555555532532335555445313114531
1111154441115554445451114555555534
555545551551112523555555153155555
35111122333255554521525532552335115
111553341510711
343302233334444444444334444444444
45234344444445443044444445322234444
3444434433333334444454544343444444
243333433342333444242333322324444
55433343333333333343343334333333333
443434333310721
441422235224345424234223444444244
34444444442343424444444222223334443
2224443432224443443342224444444424
221233241311111322322211111114144
32132232314233442444323124244424444
232323231210732
114115111511111111555411311111111
11154511355511151115111555513113111
5551115555331115555553334445551111
333355513515555311355451111134444
11111111434343151115555535515555555
151155555510741
334441323422222212233331111111321
11111122335531152232111555511123222
5551135555553333335555552335552222
555555551551555555555551151111115
55555511111155551555555551552224441
141523555110751
232421252343534514434255222544543
23455524342344322223443452242314335
1111134551344555554432214445542231
553432521413121311455542241154555
41112211332351551522315111454424231
321351411110761
334432235434444434444444444444444
44444444433444433434444444434335433
2213343333333444444333224444444444
444444444444222443555434432222333
33322243333344444433334444444432224
232343333310771
441412234323455544445543455534555
55555545544554414455544243224545544
1111112221124455554541115554555555
433222222322111432322312141115555
53342531141333311222231343445321113
221112222210782
455444255235545235555424555555453
23455555545555525551225222335555555
1155521114443335545551115555555552
521144511411111544344222221112225
54222244514155433311141111114543333
211111111110791
543413334134444234454444445443334
44433345544555514443344243234444444
2233344343234444445551114445553344
411134321421111211444322231114444
11111222242344444433224244334444443
111113332110801
331342243433444324354323343434433
34355433343233343332333322433233332
2322344333224343223332223343324433
321233422322433323344433242244435
55325443424444344342234433443333354
521232432110812
322443333334333223323434443223443
34444434333443223244555434434343234
4342343434342344334323434434332434
443434343234343444344434323232222
43224423434444344434343433443432222
432434324340821
432424334233544444344345222224444
24434423332322222334433222222223321
1112343334444443342224454443334423
452433523222232444322332222223334
44223423223332232221222322342222232
222222221240851
332423334333444433334332333333443
33433444433433433333333343223334334
2242223223334443343222324443334323
443434444333334323444434442343224
33223323323444444442234433343334343
232232133220871
234441143423224155435121343344212
14435544423311452523443455412332422
1332441113523323352222223333444312
552555521522224522555551221151112
44224144111155551555455555552311111
141555352420881
234441333333522233343334243212222
23313222133322332332223434422332234
3432233332223234443332223333332122
443233442422332311333222223112122
11111122112232332322222233232323221
231213333330891
442532334324533213423433544223433
22244455534433432332443323232442344
2334423343332224434343332224343322
442334432422333333244433342332222
34324243244353332343343232344332221
222143433220901
451324355243533355333434254433333
44455533345453333344445334211134333
4433444232334443313344443334444323
342455553225111111344111131111312
11111131111143331441334144333322221
111111111120911
233444243334344344444544343444444
45455544444355532343444344332224444
2224353443334444444444445555444444
554433444343111322355555443443334
43224443323255555555455543553333333
333453322220921
442414345235445235555425344555554
43555534455544423454555424443444445
1111455542224445555552224444555534
552444442422221211555533331114444
11112132154455555514225555555553333
231213321120931
333423233445432123315221112254341
23244323143454531243334245323334321
3332254323143341333454323311232311
222455554554522322244513420445125
34455443112222355554334422344433515
554033333320941
554514345245344244443324455444343
44455544433343445534443343334345554
3322253333235553343432114443445454
431212122421111222555524421114444
43234233312255555534335244333533224
333313232220951
222213333332421233435323433233333
33333222204332323433333222344433333
2223334443423333332244433221113343
323333222233343322211133334323333
33333334222333344444555544433322222
223332333320961
442343234334344344234332334443333
33334433333422323333332333223234333
3332223223333332223333433333333433
332334343322222211233323222222222
23233232223333333343443333333333333
322333333320972
551554453554444455535555233435555
55554555443455544544553443555443554
1134445554555555552255350533435554
111111411111111111111111111111114
11111141111115515555551111115551114
241114445520981
242532115245533125535555215413555
23552544513155515542235115422423541
5551212535551133331425553443355112
555555551455555512555555551355555
42115412455455451555535521455455552
451155555520991
443434243444444343434423434342343
44534444543445423444444233434233434
2322342222223444444434344434344444
222224342342333322334232222123222
22223232222233333434334343323432334
222323323221001
441412234433444224345524333442444
55544445533444434444444331312334333
1121244442224444554441115555555445
555522442343243533445445451334444
52322432413345454443334523443344543
321133332231011
554434344245444435455554454445344
44455544544423414445444444322345444
1124444442224544444544114444445434
443344232442111444444412232223344
44445333334444444422224444444444443
111122332231021
441413345343553432423555444424445
55543455555545424445344112313145553
2224453331114444444444433455555435
432434435511111333333335144214232
24122211333333222254234433333422222
221412232231031
341432333233344334434433343322332
33444444343423323333333223243444333
1122223332224444343332224543343323
443324423223332322455543342243445
43112232314454553434335422353333343
232343233221051
342532234334233324535333444435444
44344435455544432223322211113434344
2324453343444434454552324445553323
555443333211121422555534352333222
43543223111443543344445324453542222
414233444321061
221321333333244455234534454455454
54455554444443443345443444433335445
4432244441324454444441225555444534
554534343442121433455533342245444
55545555314445444444444423444444444
331233133321071
332223334233344334333333343334344
33333333333333323333333243423243333
2222333333333333333333333443443433
332234433422222333333332222222223
33333343222222323432333232324332343
222223333321081
543434233244543223434543233434324
54543234353543143243523443545352455
5435353525455313455352423454323234
544543223454345543434532054234145
12122335424355334524143302402535241
120432432421091
332423333223344434323432353323333
34454534454433333243333444433333432
3333243224454453444543334445443434
342344543432222322444434431132223
43224453212144545434234444034333322
231122332321101
251512135213355555552135352555342
32255544422222224535535153313135553
1115551113355553551111115555555533
551514111511111535111515151555555
55433551115155555553155545555535115
111153441121111
442421134343422111334433434222221
25424224332454351332222555443432244
4422242232334443334444343434344222
443444542524113344445345452555444
44334454423334452242324422432343424
242445444521121
341515324434335345333535344425243
35544544543545535335533445532335533
2314355111113543334321141443343553
554333343532343322355543453343344
43534411233343224434535323233433435
233232444521131
342425244333433244444433232333243
33333334322433234442344424432233332
3332222434433444443323324444443333
443222432432222434455432241142222
43122413111155554534334333443232111
422141241221141
434344444434444432454444433432323
33333333332433333232333243333333333
3333332333333333333333333244444413
444323333323454311155554152333333
11111111203334433433334442233323333
111113514421151
321442233423422222444232234222444
33423244444444322333233432434232344
3421112222444544444433333443434424
444444443222424444444442443444444
42243333444444444432434244443444444
341243332221161
441413235234445444354335444455433
44455544332443434445443443323334343
2224453332223444444442224444445544
332111132422211422444222211123335
53222232213144443322234222343433334
222223232221172
552533445155555555555554555555554
55555554554445525545555322114345555
1122333332124443444442224444444555
222222322322111443433222121114444
55345553312244445522224444444434224
232242312221182
441524444144444144444444442414555
25545434455444514444444111133444441
1222434443224444444443224444444431
442111111411111333222222221143442
44433244343433333322242111114331111
111142222221192
432321344435455533424323444034334
34243535442343433423434424333434424
4344333342354234424534435324234234
453334443334334242344234432334532
44343343342454433534434243544355334
344224423421201
323212233432433243224322434444123
33234322343322243222322332422234332
3332222233333233443343322343333323
554423433233121533544533342243334
43113221212233443333445533432232224
342243344221211
223242124422322244443424242422222
11222433322422242224211442411224232
4441122222224444442222322444442222
454544344244111522432545452342222
43222223112244433354442433442221111
414244343421222
115511334355555223344245443455233
54455555554532423534444455512224442
2223343332224444442222224444445555
432122452113111311445212251155555
53312445512255453444222344554524333
241241141121241
551511555155555555515555124115555
53553555555555515552112355211335551
1111111115555551151115555553355515
551355551115111313555511111131111
33111151131153551551115555553331111
111111513521251
333431134433143511133141112223222
22222224222224222223322532323432344
5555343333324333335555555543453444
555555555555555333333333233333334
22222252333353333315333333331333333
333333333321261
114213224224144144455542255445144
44424424444444442434543345412224421
2211323331555555354441544443344433
555435541231222111155525152143333
33213321113233332324245444553122222
111552311221271
142513113313222223233422443433443
34344444455454432222354444423433343
2213334444444444444444434444444344
555555554553133333555555551153335
44443333333355555555455554553354555
433555555441282
441511555344455555335142445555232
45555554334344425534555432133544542
1115551221114553444451114545555555
331122211411111333211422141142135
55535553211144442453112544253532114
221142431121292
441511245233455534345122423425443
34444543344432415545555323323335552
1113553343344444444442334334444545
332232343321111322444311111113333
22222224333344444422222111133333334
121311332121301
541543345334554334344433555445243
55554455555554444545554434225445555
3224553442435544354542224455554455
444433443532241435444454532224555
44425543454554334344544544345535454
433543244321311
442432434244444244445534444444234
44544545533345434434554344434444444
2224443333333334444442224444444444
444434322433322322244444333333223
43344433222244444433234444442443333
234433223421321
221232124234334234344321343444444
32344455532311314434443334333333333
1111114341114444443322322443444444
444454442554222333332421131114433
32233343434344442444441111443333424
422223333321341
551524445354555455324452544345542
45533334455322234554544423421222433
1114551115553332222332444333334524
441155541311111334555222241112224
11111132111153441414225533341211113
111231111221351
443442334233344334434343343424332
33444434423322323334333222213333433
2222332222334443333332224443333443
332323222432121322334433242222223
33222333112243342334344323442222223
221222331121361
221443113523434423314331253443222
45555533222233243334555554533434444
2224344442224444444442235555535555
442222222511211323555552321144444
55555554555555555555555532255555555
555555433421372
245245244524442254554524455224221
22235444422412242222213444524444224
2221221222124444222221214454434222
552422522212111544444543221133334
42321223111131231243244211231423113
111122533521381
551514435155555545555555554555555
45555555455555515555555445334555555
2134442321321322123443234325453343
232413432411121433221432121113443
34323432342323454332143432344531123
221223234331391
331323212313234112322421335422533
12255345533433532223121433122223231
4441122221224444353424424444543211
554442425324111435555535433344223
53234213221555555535454233353433112
433554454431401
332431344234444324422244453414554
22444544453442324344444124212234424
2122442222224454453332214454444322
443222422232111434444422442312121
45344422122245544333224222334432222
222221311221411
441212455345455544344544454435454
34445543255534424431544211244443442
1113441111111111114451124445555432
111133541311111322211111111122233
23334423111112233322112111122431112
111111223131421
223333243323243344444424222333233
22334433333432242323433443422222222
3332223332333444443332323443333222
442322422322444423322434241343344
32222222223333332244441422332324342
321241334221432
345341223334444444333432354444233
24444433422322433323224442312334432
1112222223223344443423534444443331
554544543222111533455444342252224
53333432211244444443334443443322223
222254444221462
441513344345444344454545455434444
33344545454434424444443332224344444
2211323332224445544442224344444433
542122422411111311555523241143244
22112131213355555533125244353333222
535243424321481
342334334323434344324433454333243
34444544444533434334334332334344432
2223342223334444443432223444443333
443233443222111422444433342234334
44244342111244444432334333443432112
221333333331511
334532244544433144344534344322445
34434245544444453325433434423334334
3444554334433344453434333334443333
555545544544545412455555454144334
32222333343455444545445543453443354
431453334331521
331433212214434113324431434533533
23455534433433442234333424134335433
3331231121335544553333425555453212
554441434234121544555544333344224
54245113122155555532343222342323111
222445454431531
332413144523133325311323443312123
34444545443335433235243434432225432
3322141113333331133332224444443443
342355533422111211111424331111111
21111121111121211145322444333432223
243333443331541
551411221422422244344244423222221
11111133422444433321222221154442241
2241111115551111111122242222231111
222244542221111555222222221111114
53433143311111111144221112221111111
515511515531551
451513355245455415133454353515554
54555544455455515545554433132445555
1114344332225445434441114455555555
111122241111111111434321112115555
22111142313144433323324354334543334
341112233231561
443553333433555533434355555555455
55555555534555535554455111114254455
1112353315554452215551115555555555
333354522222221433344111111115553
45355423411144433314352233445555433
111112222231571
442125444243344445555555242211444
13444324444443424222443242222222111
2421115555555555554444444444442211
552144441211111444444422221111111
42222225433344444411224422421121111
311112221131581
441412444244455544344442344555554
55455545545544523345555343224445555
1222243443224445444442324444443435
553545422332111323255424111134445
43433442444444253313113142344434334
331412213131591
551343444345555545343232444555443
54455544444433424435555553534335543
2224444442224444444442224444445555
332244342523111422555444242344443
43334232414455555544335244344432224
444422534431601
223231233313323344545425252333232
12232324443421132222212443411223212
3431124443333224444443342334442211
554422433334111411555534241343333
32121112232253342424445433441112223
212244141231612
441523244323544433334553454434555
45533455555554514454455111213135544
1125553322223335554341113334554435
552244435522111333354424244311153
22131312222223232244333332333423223
331212222231621
442422224245534233455445554444434
43444555554433425554414221455545444
2243552334243344444333224444434432
422255452433331555144413341111335
34245533214344422223422344423444224
321323444131631
555512455155555555553355555525455
55555555555555515555555354434435551
1113353343334344455553334445555545
443222212322521411311111111114444
21111111212144441111111144224524225
111111111131641
342422244344344444555554555444544
54555444555533414555555222233335555
2214454443335555555451115555554555
432223344422111543322444442223335
54445544522223544453244332234452222
445335553431651
444523455244445444455444454423343
44455555444433414444444333323444444
1113444442224454444442224555444434
443344332532111444444411121114444
44445434334444444422224344444444444
111122333331661
111515155111115155355555151515555
55555515111151111155555551511115111
1111111115551551111111551151155515
551555111511111555155115151151115
51111511111151111125515525551111111
151153333331691
444442234424444424444244222444442
24244442424422224444442444434444422
3322122221114444444442224444444424
442444442422422422444423242244444
44424442224244444444244422244444224
342443433331701
442414445344445553434444455554233
34455544423233424434444334344335432
1114454442324444344441215554445443
432222432211111322223311132114444
32232222212222111121222122223433224
111212324531712
442424234234444434444434333323544
34443434344444513343444223322223332
1132442332333443343332224343443323
331212323121111433444332131113224
32233422113234333242231234343422222
211222231231722
432332234433344433224344444444333
34444544445544343424544454333334444
3221114442324444444442214445544433
443245543534222522555542341144344
43334344434455555544434444444444444
432353435431732
331214343333444334444344333323332
33344433233422233333433333333323321
2332333332224444442222224444433423
442223432422233333344322221123333
33122312323343322233333312233333332
322221131131751
221512445245423545515455454554444
35555543522442415444424111134555545
1213324441114444444431114444444353
551133111511111322545542111144444
53224234434455544411144244443444443
131112432241761
342413233324333224344344444323444
33355444344344433344444332323334443
3333343442225554454431124554443333
343323352332111222555434342115225
22125351513354455422225122334423222
413333232231771
333241154334223111233525243355434
44444344333344433234433554413125443
4432353331234333433332343334443544
222143252212433211555555555445555
24212141515455555554225544552435224
555555535531791
332432435434323232435434322323435
12324354342322233243432343212232224
1111221431221222143344443533325353
233324354343333232232434555332233
11232215455313132225555323321122444
223353225441801
442222454244455443243133445445544
34444533244544544445445221244443432
1121241111111111114452224454445432
111133421211111322212121111111111
23323412211111112323223211223432212
123311222131811
542422234244434244322332545434444
45544344444523414444442111234443443
2214452234124453444434414334445455
421124221422121544423221112112444
54444354442134454222443233243442344
231113424231821
342432234333344533443343333435433
44444533332422423235443443212335433
3323453332234453343342225444455434
222233343222114432445322211113334
43222221214244532333443342343433224
321323342431851
333434344333423133343543343334233
24433344344434434444334555544444322
4533334443333333334442324444333341
555444443333333311455442233333333
22213323333344444423435443243443333
121111111131861
443542344434555544332222435555444
44355532344553434331323544443444321
4411432335441224443333431124445534
444455553544111211555544443454344
31121131111144443423445443553232222
433343534531871
241511113313223254334321444434343
44444344444444434333344444413423232
3323334444444444444444435555555544
555555553542233412555555552255335
44433444333455555555455543554444444
211155555541882
443434434433444344224443443444232
44444444333433344444333454533334443
3312254441115554434441115555555544
554443332543421433545443341344444
54222211213454555542432433443544444
341224554431892
322422223322344334444224222422232
22344322422422234444222424422222322
2222212224334432244442224234444233
442224422222224443444322242222322
44332334232322232222322322332223233
221233343441902
341315323222512155555555555555522
22255522243333333333434443455554222
2421115355551333315555553354553211
331155551111111333355333331111111
33333333131153331111115555551111111
111115353431911
441323154234445224334432444423113
43344424433323432434432433413233441
2313353432333333334342323433434424
554444333433344222455553232332222
22113231433244442443224433452323332
332241332231921
433443243433233443233434343444222
44444433233223333324444443442224322
2322223442223334444442332234443244
222244442322111222332444243244444
43332232212234343454444444444422224
343443343431942
233513334123334434423332333433335
23335544444444433333333333323223333
3332353333333333333333333333333343
222222422222222323222221111111114
32233342111111111155133111113321111
111111111141951
451543444244444444553553352414243
45555544533333424454334233243434433
1212353332223334444552224445544434
342244221511111424445431141114114
34424444111145555522244221144434334
421432412541971
344524424452244344254424245443444
35444545422244424443444244254422454
1111124434554445444442224544444453
552224222442244423444445442424445
44543344454334444442444433444544444
233441121141981
342513234245355444454544554555555
54555544555543314415445432344355555
2221443342224454444552225555555555
232443442222111544233555554545224
45235354224445444424255554455544542
531544555531991
321531114312332213215151352455322
25555554433334423334335553522225433
3313323333223335553451112353355552
441145553311111422455515351115555
51535554333155552511445553153521153
111213454112011
551321454155555555115351555323455
54555355555555555554555535134444444
5555551115553333335552225555555555
555215513543111513342111111111111
33535533111543232215313511215555111
111111111112021