251312255145445255553542454535554
45555555454455514534543333213335533
1114454332225555454331115555554554
242154241311111423555545251115554
55545453315555555542145455555545453
242211121110051
231421333433435311345331535543233
21444444433431343433344555324454433
1324443443333233333432223244543212
331114431411111434134211111123333
33433344324444455533244223334322223
241132452110011
451513234333334323455443454444344
34555555534344424445543423234434445
3322223442224445553342224443444443
443433343333334444434433222324555
53443454424452432232223223332444443
331223332310021
441442244344444444143244444555244
24455544444524424444444343233444444
1114222225554443332332224444445453
231134441331111433544412241244444
54234452113343441333333122223433113
121332221110032
451312345145444434445434554535555
35455544455555514555442244324345444
1111143441234445554441115545555443
443243242411111433334211121113112
32134342111154553532224233343424214
231142212110041
341312243235344344343422343344332
43355434443434324425554224433334433
1114553332424444434442223344444234
222233323222222411444222221112223
23212233211143442322324214344322113
221113422110061
221214232122222243333233123212555
23222225322332222252332333313222222
2232223333232223333332232222332232
111143431111311533333313111111111
51351111111133111133133333331113111
311112332210071
444444334244455155555443444535444
55555555545534434545554332243445444
2114442222224344442441224554444545
443333332222111211444322234424444
44222242424444444444234234444444444
332443233210081
331514435133455335344454445424223
55555544454542414444544111144335544
1112453332224444453341115555554445
121211211111111311444311111112115
11241121111144442411114111143421111
111111111110091
342534245234555123344342444434334
55555544444444533345543222333345443
2114443333333333334432333444444545
232244432222111211444433241113333
34211133111144443433324333343333223
221312222210101
241222224323334445445345343522122
43355533322222233334433443332334332
2212232223344444332322224444443223
343422233322211544222432232324334
55543553213232332343232244443432112
321324444210112
445442245544455444444444454545244
54555555544555545545544455453445543
2114552233224444443332224433435555
222145542511142555555555554244445
55135515555555555555445455553444445
555554444410121
553514135424344014455343545343234
45555555535344425435222443535434454
2313453333113555553331115555555555
555545555533121523123433555243555
55553453314513351255135433253535115
341253241110131
452413345244445554342444454555344
44555555544455423445444223243445444
1124454443225555555552215555545555
353233333421111555222131111114115
53325234112344435322122222134443225
111112211110141
341521234424344453323443555555234
53455554423343433434334223314334433
1113453333343333334441224434444445
221143222521112533355444342223224
34232452333334444444555444444533342
332142533310151
254512245225555445355453545544244
45544455544455514554444442455554554
1121221434445554444442225554445554
552244233411111555444311131114445
55445533113155555522221221113422223
321212121210162
121323132422322152332232223123441
23214234333333342222213343422122133
3441122333343223542233332233542132
555544432443122331332534241341112
32223123111142341243444323451312111
222142145210171
241432234225424325455254555444242
23455555443232424244333444334334442
3222224343234444445443224444445444
442233442422222434433444341213235
54433443323244333442333222233323343
332323431210182
441542225224355423454435354444444
44444444443243413444443443334343442
1122123332234444322442324444444444
222454442423223434455522443224445
44324442444455552242225234553434444
322424131110192
551315155155535455555555555515312
11155535523511535531115415452345245
1111111555551555552541135254555111
551155541315154545554511111355225
51222552111131111111111111111131111
511152451310202
341222233424344244344322243412121
23355323322322243333323442432333222
2222134442322234443443222233443332
452422333432121444332434342132334
54444433234443343344333344453323223
343233322310211
443424343345234543433442455453222
44455554443532433434433454442434444
3323443322223444443341225444444444
443422343442222434545454443244444
44344455443445544543344544444544434
443443323210221
322232333232333334333342333333333
23355443343333323232323333333222222
2222224443443233333322332333323332
455344533433232322444123222232222
24233323333232332312223322342323344
323233333210231
441313334234443343334443444321343
24333534454433433343334223233335333
2133322221223332233322223333333332
443232222222222334433333333222222
44333212211333333322232333333333333
522212222210241
253412224224322145445222454222232
24444343433434422224322454412444433
3241112223442222222423322223342232
233344442422111422444445442442444
32124342222243343443444244443322222
232245553310251
331413224433344335334531343555112
42434434342134243423444444532334442
2222243331133343343331212234434454
221143443211115522444333111122224
24322332323343443422334244443335440
232445515510261
342511345344455433454545453555243
55555543434555344435555555554445444
1114454452434443444442345555555555
122155454311111433455525351145555
55345454145455555554445555554335445
353543454410271
433414224423344344444335243334432
34434444433433343333333443433334433
3323333432233443443432333444444443
222334443522111211333333221122335
31111122132132232322333223222322223
231214343310281
252512255155555555555552555555555
55555555555555524555555222255555555
1115555555555555555551115555555555
555555511551111322344214451115555
55555555515543333324244422245555555
242332222210291
445333335134455533344445353545454
45454534343333424434344232233234443
1113343332224444453441115545555545
554534343232123433555544221125344
43213543534344443433223333244534232
111332342210302
342322444244334334344342243444422
44434445533323323433434332233533423
1113344432334443334332324443334434
442334443324114534555322221113333
32222434112453452332114333222322233
121321311110311
343322224223233223444533233324333
34454434444332233434333323422123333
2223343332234443343333434443333333
555333433223334443445432232223334
45335422425344443435335433353434443
121323323110321
331413333333434355335542344334534
33434444454533433344443333233433433
3223343332224445453332224444443333
553454543332111555555433222213334
53222233111133332211123122333433231
111212121110331
344422233432133334333542223355444
24343533344443334342433442322244333
3322334455554334434432343344443322
554224343432444111233412111111112
34111113111231111123133432332113141
141212311110341
242242113214344114432143254432242
11254455554532432232124341123443332
2232111111215554453241115554344342
554522424532111555444532111111114
55545555111142351153252211441421111
221115242110351
431521234224444313433221325414412
33333344244442334434433433334333333
3334453333333333333332222233333333
111124441411111111123111111132123
11111111111142141131333133232322112
122224411510361
441413234123344434343332344433333
34344534344443433333444333333333433
2223344342333334444332323334444444
342333432332112422444434331123335
33233322425454443433444344343344343
231313222210371
443522445245545212243254454525443
45444445444552422345454211134445543
1114443442344454453442224554455445
553242242223234555555521111112445
42012232332442453422145221354543334
221313141210381
443221124434323213312311433442233
44414544443333423434434324344434434
3252343425345050343534232234345324
211154341234323343543433333333333
43534324404423433432344343532434335
124325555510391
224232112411115124323134131455111
15554524311233142223434124512115321
1112344334553342234431114444454143
451545223433122311455411341154443
43111211121155152115443533133431114
131155242510401
321412224412222145255153555234344
55554355555454522245555254255555552
1123552225135553525431145455554355
141255554511115411111411111111115
11111111111551551514554544252455252
411514413310411
234313133411311152222222123222343
13333333423431233321211334311112221
3331121115322433311113334433333311
244234543433555543444553531333335
15123111313341132244344433342224351
241434453210421
451412345245444335235541455425554
35543545455443414543344222324555443
2233443335454352154541233555544535
232145431411111554444314241122224
55554534113245445334125234243422111
121313532410431
434415554453555344345544123555134
33455533344432234555343334411235234
3312244551113555554331232454555533
555524443453235544333555551455555
54335414534454551534324533553325555
331552322210441
331522234234333225454443344325332
34444543443223414444444342343345434
2134454433434443344442223445444443
343132221411111543554222233214445
45243312141254452244245124232324334
121112111110451
344312235235455555455344445525332
22344544333333435533431443423333432
1323552222224433334331114444444232
353434321223111412555532331114444
32221132111155554522325344552322113
314112431110462
444544444444434234434443343442233
23334323342232234434444333323234334
3344443434444344443343422232344423
443433444322342322444222222222222
23112122121111111223333344444233333
333333333310471
531432234333444455543321444555245
34435544355533533353444343344333453
2332553333333333334433335555544433
111155533511113434333333434333333
35133343111111333333333333333333333
341133112110481
441314134134344234444344344432232
23444444334444323444334323443234443
2313334432214343253431112245544443
222322422221111222222222222223332
23222222222211111123332233223333222
232211332110491
452514235525455424344542544434444
44454533444344434444544432423445443
2220134334445444344452324554445434
452245452422121434355322131124334
34435354325344442542434453443443223
342223524210501
551423234344334234333442444434343
34444344443333313444444223244444444
1113332112333333343434224444444323
443234422111111321344313121112222
12111131111132332222221111132322112
111113332310511
444522244234444354244142454424242
22255544444443434444434242244444344
2423244442233454434441224554443442
231432542422111555322321131123344
45555444112233343422222113233332114
211432333310521
342432234234355124333323444423433
34433233334444313334444333343334333
1112332233333333343332223444433333
232244322332111312444322223212224
22221121111143333323334233333333332
222211211210531
441413253433534344555243254555111
35543355411411123344534424453234334
1111144435555555554441223444544353
555454341211111422555335141143234
42112221313351251334235333352314241
111141231110541
241423235244444334324231344424224
45533444433344423424434434233335442
2214443443234244443342223344444434
333442442442322433444432121222224
22131432111233333322334121243334333
211112232310551
441312234333344133444342344425444
33343333355434324433433233322333433
3332343333434443333442224444444433
233322432222122333555333322224333
43232222222455553544424444243344333
322222111110561
443342345324523213435244445324322
23444544453423334534433323242434334
3423343224333445542212324445554322
555533533452222332455543353244335
45323322444355553421255445554423334
111143534210571
231342133413433323433332232314232
24455354433222233323432424332333323
3313353322443333343331324403334433
541513543523111533444321131131112
33233212111151551533132322331211311
131123254410581
331311134333335355544453354555354
44555544543443433335444312433334433
1114554541333444444541114444555554
121154341214411111455525153111115
33133342113355555544145422252343332
331413231110591
341413335233455343555544555555555
55555555555554515545554111114334443
1115545551124444555551124445555555
243545223333112332323322222113333
45544354414455555553435233334434444
232223121110601
441323234244444444344442454554324
35444433344423323444444111133234432
2223343235553343334343224444444334
443433223422222222444424232222444
22222211114454422242225331354443223
211412222210611
343542244244424123423442443523554
44452435455542432242453241112335244
4422344442224434445552424445554354
553425422343121544444231121124333
52544245112144244243224311344311111
111423512110621
551512255145244435555335555423455
45555555554555515555555141135355552
1125554442224555554441115555553354
341111111511111533455311121115555
52122522225555533311115211355543334
211122222310631
331514333413432114312441333334422
11255544422432333223211213343334211
3342112214551552112113331554443231
255534525424131333411232111121111
23221421112142441434243211211131112
111123333410641
551515555155555555515555555535155
55555555555555545555555455141555555
5513341551333333335551111555555555
551115511311111533344111111111111
55345555111111122211113111115341111
111111111110651
434323324233444124344451454214343
35453545444333324334444113133335343
1111133115543331114142513444422113
232233532321111222444223322212345
15132242113154233333224233332333333
322233333310661
214115232523324133243443323345111
24455555524445444233424334455545555
4411111553334223335551222244444542
555555555521111111255322211111111
53111131111115555544115443354533111
441112241410671
341311334234444133344332444412233
33444355533433413434444431334443444
1224353433334445554551114445554343
254444233431110544232443231221111
55434343111144443244234433444541114
421132422210681
543511134531455155555555153534531
23435321113111311551343555451445431
1111113111243345551424552455553432
553115551511125555411311151141222
55115111212233331335231444551323332
312252121110691
232454234422334222554422314224131
23522445322542234435443455212224434
3324444541214554443441215445544342
442324232522111211455442341341111
21111112111143443442224433443331112
111143131510701
243414135215545155354434555555355
35545555553342311555555142324445553
1112455441125453455351212455545553
453435241511111423254411351144455
55221235113355551321113204253344555
111125151110711
342434234234312122223223454444244
32544455523334443434444233223445344
3424333444324444344542225545555444
444432244323111444244324442224224
44343355443333433333344444334434442
432424312410721
441412235233444424433322344433234
45555544343453424444444232233344443
1114443443334444344432224444444344
221134222311111311222222221114445
23111232215444433344343133254434335
241422121110732
341415414335422113555331555455555
35555555533355515555555553355355551
4411115553115555555551115555555555
351145511514535415544331141155115
55515551515555555533115515554554445
111335553310741
323344323422224413343231122222222
11122534442323342223212455442334422
4422244444444444444442224444444221
555244552442555555555552251551115
11522111311555551555345531555555551
151135555110751
331211442444312345243125242444552
14555523342455342224514241222325424
2211124442224445554432225555544241
452242442313134411455422241143445
51111312323252351342215131453533243
331341111110761
443322234434244334344444444444243
44444444444434434444444444333234433
1112244432333333334442224444444444
444444443444223444444434342432444
43223243233244444433334444444433333
232223141110771
242444234223355444344444454534555
55555545444343323444554343343445534
1112122232234443444441115544555555
231114332311212444333312231114444
43334242323234343332132133233423224
221212121110782
444522144225525114322442555424552
22244255555515222332122141144443442
4442522222442234434443324444444221
431155522511111544031131211114334
42111440111111111111112111112522114
411422522510791
444315333234444124254345455323345
34443333454543423333444444445444332
2233344442224444445551214444553333
221144432311221222444422331113333
22122312333243443332225344443322333
231323333210801
441421134432434324334323343424433
34455544334343443443443323233224432
3322443342223434434442333444434343
222343422222223211244322121244555
55435532424455433352124432133425552
322222341110812
432432334333433224324434444343332
34432444434332332324544444334343433
3332332323334434343341213344444433
554544354422333344344432142332111
42223322221222232323233322332232222
111123112140821
341512344245435444323242455535222
33355544433522234524443334324245554
3413344442224445554441115555555232
243311423511111111222112111114444
11111111112122221233243112123434334
222211333220831
342115132332224245225452324444133
22433154534442232214325535534543241
3411423444233135445521124424444421
543345553211112421355514151131115
11111111113241151141214133552441121
131044535540841
455515114423555145555555435555113
55555555523333315555555332255555553
1315553552353544453331115555555555
553534543411111555555555111115555
55555555535555555511214111154555555
111115151140861
332414334233443443333332333433444
34444434434443324344334332223344434
2322223223434444442233323444444323
443444443444234322344433343342224
33223432223444444442334233443333243
332332232220871
153551155414114155135111242414211
12415545211311111444524455511212432
1111242221114441111112424442422511
551555453511115524255555551151111
55322152111155555555455555551321111
151151151120881
233332222333433334343334242223232
23322333333422233332223433312332224
3332233332333333333332332233332222
443333442422333321333222221111113
32111121112131331321322233232322111
221213332330891
232423332324433312333434544323334
23244455433423432232333323322333232
3334434333333334433433333333443222
443344433431223433444233343232222
24332243224333342343342332334332222
222233343320901
444315543333444325555523344433355
33155512333353434351253302311131323
3432233111233322233333543333322222
443155552113111311322111133333111
22231132231142311131214132341332113
221111311120911
444443344444344444454444344445344
45555544444444444444433344342334544
1124234442214444443432224444444444
555543444334111322455544443344334
33222333313155555534444443444444334
332343322220921
442424344244444344444444343444444
44455544444442424444444434223344442
1221244442224445555544224445555444
554224421412112322555321141114445
32143432444455544523225344455445333
111213321120931
544354153524211113512341111444111
13054222411111213333323455553345454
3341441111221232144344242352434212
222255553552211322445321233224444
34224312414555553524225544323324224
422424554520941
341524335444344444443435444434444
43455544433443314425444333344345545
1113332441114444432431115554444444
331222122211111322445314341134444
44225353414255555542335144223533333
233214242320951
233214424422443345443444234434443
23211333324133332444333222354423333
3333322242335543333345551333433233
555555555555111324444445421111111
24222111111144444451325331153111111
111112333320961
334232333343344343234432333443332
33344433323422333333232443323234333
3332222223334343233332234443444333
332334343422111222344433332234223
33344343323244443343334333343332223
322333213320972
551512124214344143555555455555555
55554555543344424445555222112225555
1115551114244455554432215555555535
111122424111111422111111111111111
54332142115544444455455143145551112
111113432320981
222541125455532115525555555555155
55555255512155415551414555521112325
5551132511111111151552541433452112
553555552551555543555514451154555
53125515425255551512235322553425251
551345555520991
241212244124344124344344333444343
45444444544434524445555223213434443
1115442223324443332222223444445545
222224242222111122444232111112244
21111141111144444412324233223323333
121213532321001
342412234233344345355434444543444
45555455544555523344454441112334444
2221344441115555554441115555555545
554532442432232424555545251425555
53222433323445555544245523453535445
211122233331011
322412235344345435433445535555554
55555554455532413425555122333335543
2234443223533543444551124445554555
231243443211111543222544453555555
53124454111144444433144544454534523
441445554331041
342423334233444334333434343423442
23345544343433423333332223243334433
2232233243324444343332324444443423
444323423222323421355533241123435
43123232413343542421235244353334443
231234343321051
332503334433334313332333344244444
44443435445544443324332221223434443
2223343443333333333452333434333443
333333332222111322243333321332222
33232222211144433333334235343443333
333333432221061
333311234224255535445342353455344
55555555433343443345434344333335545
3121133331224553454442225554445555
554533454352111432455545351445555
54345555315454344445455534445544445
331433442321071
221213234424354324323332343444324
34434333233332224344433242312223433
3313342333333333333322224444444433
332244432222111233244222221113333
44432333323233332333344222232332223
333332331121081
311414444232434355544454444222555
35522244455554424444554222242334332
2242114442224454434442224445542223
321232421411425343233422241124222
44543243312244433323252244342522441
432311152121091
341213334224345434344332353424544
34455544354433323344433343334334433
2223333434444443334442223443344545
443245422422111433444333431112332
43214453211144544522224344243423443
241112332121101
441511115115455525532125555555344
22255555322342215534433545414224532
1114553322224443352222224445555532
553225121411111434111114151113555
55445553111453322244141155443454333
251412251121111
231414114422233333333432243444233
44444444443344434334444444432234342
2224343332224444444442224444444444
442222343223223434444422243334444
44442443444444444442234444443444443
332243343121121
243432244324444123444132543444244
34444445522445523443224425324444445
3433243322433324443552233344333454
555555544522222444344534342235555
45444454432243333222234444442243335
341113422421131
351515325234434135344545444115334
44444555554544424445533455514245535
1114345555551335554442222544555515
553531151154112322445535351151111
41111514111155553355545551155445554
451113534421141
433324243423432144344453342433432
33422344422433434332333434423333232
3342123334443234442433233334442232
444212443431121434455322232132112
43143212111153442444434344443231111
332142434421151
331511334423333212214321211214443
33355533544232232231224211111142222
2221113445551111114444441122222313
555555543535125111555551151113334
11111111211152151522235532353234442
121112224421161
322432224323424233344242234444433
44432333434444432344432232444433442
2231144223434444344442423444323533
555444452112444434255431421234444
44114421414444444422124221243244443
332342434521171
451513335334455344554452444555553
45555555433444434534544333323335543
1115553332224344344541225555555544
341222232211111532533221111125555
43232232212233333344244333343433334
222232342121182
551512555255555555555352555555555
55555555555555515555555111113555555
1113355342224444444552224444444555
441212211111111554432222221114444
54335453212244443422222233223433334
214422112121192
442525444134555344133355453555555
34544544455554524454453111145354554
2212434443115553455341224555555432
553522224411111534222222222151444
44434145333424322241111111113332222
211152222221202
341422343524445252334344543455454
45554554434323443245554434453445453
3243343232433243442432434434543455
332223224424343433445443232334435
54434253433455434424325343445544454
455452522221211
223222133421334342214421433444123
23233322243343252223322453512125321
3331122223323234343332223344343312
555412233244111533444542331153344
41114311111144543433435543452232334
243453555121221
222422224422422244443434242432232
22233444422322232324222444422222232
2422222223334444442222322234442222
444444444244222422423444442342224
43332223222233333344432444442222222
424443343421232
441444444344444444344444444404444
44444444444444434444444144434444444
1114443333333333335555555555555555
443443242422111444433333231224443
23333333113133333322223311133333334
211122222221241
344532234425455145555355444555243
55555555544433524524444443413334443
1113354441115454433421214454455544
442243442422111412444211141224444
44223252111155554444225544443434224
144213532521251
551511155155555555515555515115555
55555555555555515551151155151115551
1111111115555551111115555555515555
555555551111111515555511151111115
55511551155555551551155155555151111
111111111121261
221241143433255112225141343344333
32333333321225143332111555541233421
5342245555335555555553335555555551
115555555555555222555111551555555
11111151355555555555555133355555555
555552533421271
244213234323244124444444244425143
34422525431144424444434445312224521
1113223334443443332441422453334423
552243431221111211144511143133334
32113321111133322233234233343324243
111222111321281
441413545344555555525443455555244
52355554543223415445555141433554432
1115552222113453324331113454445255
441342111411111433111421141145445
55555553111144423351111444453324113
341253531421302
451513255234455534333343333535443
35355543344422414534444432434335532
1113453333333333334442333555355343
331143331111111333444311141134445
45312223322233322432313334343323113
211111122121311
442413444235444244345244555434334
55555555454323424435545442145455555
2214453432324443355542314355554455
544442242511212434443211111114455
54244454424452444424324134244544425
431123433421321
442422444344444344444334444443333
44444444433344444445444444333444444
2224444433223333334443224444444444
442234333333333333444433333333333
43333433333344444433324333343433333
333333333321331
232432244543355245445544343443322
54455543323412253525553433442245443
2323443445553224344423343334444324
554444542443111411155525451552224
42222342115544344443455555555523333
441355222321341
431213224234434214244245344555222
22455544433331414434444333143344445
1212224442224444443442224444444553
555554452552111324211111131115555
32233244524422311133231132323344445
211412522121351
441515244155555444333454443445453
34445543455432344534444424214334443
1114452133332233333432224443455524
331344453211113334455233211111223
11111121111141441344124443343332222
111111424121361
442433434234444334334344444424343
34444444444433323334333232233433443
2222233333234444434442224444444443
443324323422111423444433241113123
33222332111143442322223322442324332
221221312121371
211433113223444333324341243444222
34555543332222323334444544333433422
2123334232324233334442222223334433
443222222511113344444421111134225
45543455534255355354334434554424442
532234223321382
244445144525524255555425555422411
22355424222411435552114452524454211
2411111114224114141221214554445431
554422524214111412133411221143323
41112122111141131341312111221311112
311113544521391
554513435145555545454555454555555
34444554555554415555555233214344554
1114353443445555555552225555555544
333334333112111422555533141114335
55214532111155551444234443454323111
241114445421401
441422234224244224333244252434554
22444444454542414434443244222224423
2222242222234443453332224444444432
443222522422111433444442221224244
44344433424244444445233343444422222
221221212221421
432523244334444344444534233434453
33433444444432323333433342222223332
2232113441113444443331213344453323
553422422320345423423444241423434
42221132424433343332222222443325351
211132313121442
442341334434455524434231444555332
55555544433324444445344453422225542
1111113331115555553331115555555555
444433442411111533544434441145555
55335513555455555533233344445544555
311134533521452
243342124424455444224232444534244
23455532323344444425343444313145525
2223342222224554442222225555555442
442422222432122433434444241154444
55245443434444444442234344444444444
222343441221462
224432133324234345243432342554122
24455433321211233323223443312334431
2422432223424443332222433344344321
554343453142111434344424251342115
53334532311144342255455343443322112
211354545221472
441512234234344434554555344424444
43444345344433424434333332323344443
2222432232224445554442224444543423
222222211211111411555442241144335
31112222223253453542225344354333333
232343332221491
334442223414233222224232244434422
12224234434232442332444334234422434
5555442222222242444442442443442242
554554444444444442444444444444444
42222252311114444444444444442422224
112154545521501
223424224334444244443442454444333
33344444433433423444333332333334333
2223342222224444443332324444444433
443424432232111422444424242233223
34234333312244444422234433443433333
232232433431511
444542234434433133354544343433344
23344344444444432444333554423433334
3344443422334433442432333444333322
555444443543445322355444433344335
33112233333444444445445533453334453
442452345231521
331234112413324112322522445222443
13255534334533442224222444233235333
4441113321225444353341224445553211
554432434244112535555444343454211
54245121213155555533344233342431111
333155554431531
441323333233335113323432343333322
33355444422234313334333335332224332
3333331114334443243332224333324444
331245352411111311322112111111113
23121131111111211133241333233323223
331113333331541
331412233322222344344344434221222
24434444424443244442224444434342222
2441111115552222252222233222441111
222244422211111555422224211111113
43211122111142242444222223141211111
521522423331551
451445245345455515352255354515554
55555544455455514444555442222345543
2112344553444442245442224455545555
211122221111111311444422241115555
21111342214155534344334144444433334
131322323331561
241511134234255515554135555555355
55555555534355512255255111115335555
1115552225555443354441415555545525
221455524322211533344314111111113
55553254113155544434443343345541115
211113515531571
424115253243255545555525241311444
12222424443543334222442342422222211
1441114445545555553444244455551211
553225521111111424242422221114111
42211114111144444414425522442121111
411112221131581
442522434245555544325451454555555
55455545544554424444555322144445555
1112254442224444444442334444444445
554445442321111324255414141114445
44335555555555533232224455443444434
222223111131591
441432445555455544444554344455233
53455544422334324445544553423445543
2213454442225554445551115555555545
442344452533111422555434331134443
44334223214455555534335234454433335
444441324431601
122211123413222235545425242312211
11233413342411142222212453412123222
3531113441322223343443343335543111
554422423324111322455535231342322
21111112142154353324445543452114244
211245141131612
442513234244452413334551334314554
55533555555444413444344132323244332
2245454444334444354443223455553535
543444233243113433554423242223234
45132413334434111142215444453323221
221522233231621
433524224344424125555243555555444
24455555553431423322323444354434454
3223443343443244442242224344433242
222144442412211443333244241112222
44335431212112312212313223433342221
321124443231631
553523455245555555345445555545244
55455555555554425555555343444445555
1115554553333345554552224445554555
443423222422211311323221231114434
11111111213333322211111111123332333
121112212231641
442514234344355545443445555555554
54555555554533524545555433323445445
2225443334444444453442224455455555
222244322212111434332555345555555
55335454311144444554154444445553112
145554444231651
444434444244444444444444454434444
43454444434421314444444444413344444
2224444442224444444422224444445424
443344433442111444444422223223344
44444334444444444334333444443434444
221222233431661
213442133413344112224421244555443
35455444313554442243445322312325432
3422234552425455553442314454434533
553534543123545411555432353154445
42122444545554533441225423443325554
321142232241671
441524444244444444444444455554544
55555555555555515554444222244444444
2214342222224443334432224444444444
242222243222222424444422222224444
45555245411144433342244211113244334
211111111131681
151515155151155155355555151515151
15555515151111111555535555511115111
1111111115551551111111111551515511
151155551511111131155115151111115
11111311111131111135235155551111111
151113533531691
224442234423444213444243344444442
23455544422422232444422444453444442
2224232421224444444442224444443322
444444442422242322244442121133334
32221132221143333344433333234423333
242334533331701
441414445244455553333343454554243
34455543433322323435444444343334432
2224453333224444344442224444444433
332323232211111223223322232214444
32232233213233322233233244443433224
321323322331712
442413344234445434554445334334544
34433443344344514434454323223233432
1123352232233443343332214444435424
222222321111111423443322121112333
33324423113344342323224233433323332
231222221131722
443422444344444423224333444444543
34555544445434424445544544333345543
2321114441225554335452235555554343
443454552544111324555434221145555
42123343334455555533325355445544334
433453353331732
341412333442255535324352323515244
45555555555455312245455122212225543
1212243332224444445552224555455554
221243233411111555155111111115555
55155155515555515155511155555555555
511114222241741
331214343333344334444344234433232
23344433233422233333433343333223322
2322333332224444443332223444443422
443323432432223323344422231133334
33123212323333333333333322343433332
222223333331751
551513445155533525555555555552454
45555554433535415555544121255555444
1114445442114444444442115544444354
551112122411111322444411111111115
44225244234455444412224244244544444
121112442241761
452523234435443225444455554333454
34355440444344433334444332323234444
3323353332224544444442224444444333
442222242222221222455522242225223
32224342313355554422225122333431111
111113232231771
352512455444435324323543555555455
33355555554455534533512534533443553
2224433333334233333334453333434333
253255552233222333444534443334345
43333254333222242425454332324353344
333333333331781
242212255345243113353535343355245
55555545322254423335440555513225432
3341152431124544553541112344453234
131141241411312311555535254545525
45122452512555555554245554151435223
352255555531791
323433232343323343323233432323234
54344414431443335445433112323244433
1343432321222213434343334555433335
213332323324443433334435454554333
34345433434434543554432121323343443
234342332341801
452313455445444443455344455544344
45544453455445434431445322355443443
1114441111111111114552214445554533
111143542311111433322321111112112
32123433111111132323213322324432112
113341323131811
442422234244434324444244555444344
44455444444533324434444112245444444
2212442124424444443442214445554444
222045442441111445234422221114314
45455453423024444432324111334534444
111123431131821
444534334441453424224210454434544
15442434453442434425444342411434442
2221445342445552223332234344213341
553335521111534111334222344144444
44234334244443324355422222434444554
223431332341831
343324245233444434354345222322544
24443523332311223333444222121223221
1122243224554443333223454443223312
442223532322234544322322221113234
44324422323333321232232322342223242
222223222341841
342442233333244543343444344444432
44455544423332223335433443212225433
2323454443334444443432224444343434
333343433222222432444333211113324
33222332214343343333234232243412224
332423333431851
441524244442324145454553353424233
14434423354544434322234455433344222
4532545552224344445552323344444321
554444443442233211455342441144444
42212424313355555522435344452342224
141143144131861
433511334443445544343121443555112
33355555325553544344322554522324412
4412433445223144543534442243444442
444444544544111321444444452444545
21111121111144352433345411443221112
343333554331871
343423114314333344324322544555555
45555555555555423444434455524444454
2225554455555554454441225555545554
555555341542111312555555551255555
44443444334455555555555544554535555
411135554341882
234443332233444444114544555555454
35555544433444432233444333434325433
1213333531114444443441114444444444
554512523431111555555554321222233
32213312212255551523243332332533333
231325333431892
443232232323224223444224121214244
34444324422221213444233442424423222
2114322221234442242332214444433212
442232441422124444333221131222333
44432333223344444323333221232212333
211234434341902
341315313453511155555553553455111
13355533131132432112424543555555225
3423335355555553334445554444433111
333155551111111343355311111115115
44445553111115555511415533353111111
111115455531911
241313244344445234444432344434223
44444433332433434444443443412223442
1113343332334445543332223434433423
553344333433233422555534341223333
22222132212243441432334344443323333
342131331231921
541514434244444324554344443344555
43322444455554414454555111555445445
1123344243333244444443244244433424
442345521511111333455533131111434
34332332111153442512115433454443323
211232223231931
233423233422234443332434242444222
43334424333323233334443444433324323
2222223442333344444444333344444324
222244443423111311332444243243244
43322232222233343244444444343423223
343344434431942
344324334223334333333232333333333
23333333333333333333234334343343434
3343343433323333333333333333333333
332323232323233333343333332333332
33323333222222222222222222222222222
222223333341951
551515555355555345335555455555333
55555555543444435535555555533555552
2214554443324444455331314454445555
553544552532213422555441111133444
11111124344455555543325544554544225
143243333231961


